// Contains Sprites and Map data to be stored on the Arduboy FX chip
    
image_t TreadmillUp = "../Assets/TreadmillUp_8x8.png"
image_t TreadmillDown = "../Assets/TreadmillDown_8x8.png"
image_t TreadmillLeft = "../Assets/TreadmillLeft_8x8.png"
image_t TreadmillRight = "../Assets/TreadmillRight_8x8.png"

uint8_t Maps = {
    // Map 1 (Squiggly Lane)
    {
        // par, width,  height, start,  end
        5,      127,    127,    5, 5,   117, 117,

        // empty Map.name (char* is 2 bytes)
        0, 0

        // Walls
        0, 0, 22, 0,
        62, 0, 107, 0,
        127, 20, 127, 127,
        20, 127, 64, 127,
        104, 127, 127, 127,
        0, 0, 0, 107,
        42, 20, 42, 94,
        84, 32, 84, 107,
        22, 0, 42, 20,
        0, 107, 20, 127,
        42, 20, 62, 0,
        64, 127, 84, 107,
        107, 0, 127, 20,
        84, 107, 104, 127,
        63, 63, 105, 63,
        0, 0, 0, 0,
        0, 0, 0, 0,
        0, 0, 0, 0,
        0, 0, 0, 0,
        0, 0, 0, 0,

        // Circles
        0, 0, 0,
        0, 0, 0,
        0, 0, 0,
        0, 0, 0,

        // SandTraps
        0, 0, 0, 0
        0, 0, 0, 0
        0, 0, 0, 0
        0, 0, 0, 0

        // Treadmills
        0, 0, 0, 0, 0
        0, 0, 0, 0, 0
        0, 0, 0, 0, 0
        0, 0, 0, 0, 0
        0, 0, 0, 0, 0
    },

    // Map 2 (Round Rodeo)
    {
        // par, width,  height, start,  end
        3,      255,    50,     5, 25,  245, 25,

        // empty Map.name (char* is 2 bytes)
        0, 0 

        // Walls
        0, 0, 255, 0,
        255, 0, 255, 50,
        255, 50, 0, 50,
        0, 50, 0, 0,
        0, 0, 0, 0,
        0, 0, 0, 0,
        0, 0, 0, 0,
        0, 0, 0, 0,
        0, 0, 0, 0,
        0, 0, 0, 0,
        0, 0, 0, 0,
        0, 0, 0, 0,
        0, 0, 0, 0,
        0, 0, 0, 0,
        0, 0, 0, 0,
        0, 0, 0, 0,
        0, 0, 0, 0,
        0, 0, 0, 0,
        0, 0, 0, 0,
        0, 0, 0, 0,

        // Circles
        50, 25, 15,
        100, 25, 15,
        150, 25, 15,
        200, 25, 15,

        // SandTraps
        0, 0, 0, 0
        0, 0, 0, 0
        0, 0, 0, 0
        0, 0, 0, 0

        // Treadmills
        0, 0, 0, 0, 0
        0, 0, 0, 0, 0
        0, 0, 0, 0, 0
        0, 0, 0, 0, 0
        0, 0, 0, 0, 0
    },

    // Map 3 (The Desert)
    {
        // par, width,  height, start,  end
        3,      128,    64,     5, 5,   123, 59,

        // empty Map.name (char* is 2 bytes)
        0, 0 

        // Walls
        0, 0, 128, 0,
        128, 0, 128, 64,
        128, 64, 0, 64,
        0, 64, 0, 0,
        0, 0, 0, 0,
        0, 0, 0, 0,
        0, 0, 0, 0,
        0, 0, 0, 0,
        0, 0, 0, 0,
        0, 0, 0, 0,
        0, 0, 0, 0,
        0, 0, 0, 0,
        0, 0, 0, 0,
        0, 0, 0, 0,
        0, 0, 0, 0,
        0, 0, 0, 0,
        0, 0, 0, 0,
        0, 0, 0, 0,
        0, 0, 0, 0,
        0, 0, 0, 0,

        // Circles
        0, 0, 0,
        0, 0, 0,
        0, 0, 0,
        0, 0, 0,
        
        // SandTraps
        16, 16, 96, 32,
        0, 0, 0, 0,
        0, 0, 0, 0
        0, 0, 0, 0
        
        // Treadmills
        0, 0, 0, 0, 0
        0, 0, 0, 0, 0
        0, 0, 0, 0, 0
        0, 0, 0, 0, 0
        0, 0, 0, 0, 0
    },

    // Map 4 (Treadmill Alley)
    {
        // par, width,  height, start,  end
        3,      128,    96,     8, 16,  120, 80,

        // empty Map.name (char* is 2 bytes)
        0, 0 

        // Walls
        0, 0, 128, 0,
        128, 0, 128, 96,
        128, 96, 0, 96,
        0, 96, 0, 0,
        0, 32, 96, 32,
        32, 64, 128, 64,
        0, 0, 0, 0,
        0, 0, 0, 0,
        0, 0, 0, 0,
        0, 0, 0, 0,
        0, 0, 0, 0,
        0, 0, 0, 0,
        0, 0, 0, 0,
        0, 0, 0, 0,
        0, 0, 0, 0,
        0, 0, 0, 0,
        0, 0, 0, 0,
        0, 0, 0, 0,
        0, 0, 0, 0,
        0, 0, 0, 0,

        // Circles
        0, 0, 0,
        0, 0, 0,
        0, 0, 0,
        0, 0, 0,
        
        // SandTraps
        0, 0, 0, 0,
        0, 0, 0, 0,
        0, 0, 0, 0,
        0, 0, 0, 0
        
        // Treadmills
        16, 0, 80, 32, 3
        96, 0, 32, 32, 1
        32, 32, 96, 32, 2
        0, 32, 32, 32, 1
        0, 64, 40, 32, 3
    },
}
